1	1.000000e+00
3	4.082480e-01
4	2.332309e-01
5	1.610589e-01
6	1.248389e-01
7	1.031857e-01
8	8.855967e-02
9	7.784522e-02
10	6.953335e-02
11	6.280137e-02
12	5.716346e-02
13	5.231696e-02
14	4.806586e-02
15	4.427926e-02
16	4.086737e-02
17	3.776685e-02
18	3.493174e-02
19	3.232766e-02
20	2.992807e-02
21	2.771181e-02
22	2.566156e-02
23	2.376274e-02
24	2.200288e-02
25	2.037115e-02
26	1.885800e-02
27	1.745492e-02
28	1.615422e-02
29	1.494895e-02
30	1.383268e-02
31	1.279950e-02
32	1.184392e-02
33	1.096078e-02
34	1.014529e-02
35	9.392919e-03
36	8.699423e-03
37	8.060801e-03
38	7.473287e-03
39	6.933336e-03
40	6.437608e-03
41	5.982962e-03
42	5.566442e-03
43	5.185266e-03
44	4.836816e-03
45	4.518630e-03
46	4.228390e-03
47	3.963918e-03
48	3.723159e-03
49	3.504182e-03
50	3.305170e-03
51	3.124413e-03
52	2.960308e-03
53	2.811348e-03
54	2.676126e-03
55	2.553328e-03
56	2.441732e-03
57	2.340207e-03
58	2.247707e-03
59	2.163275e-03
60	2.086035e-03
61	2.015189e-03
62	1.950017e-03
63	1.889870e-03
64	1.834167e-03
65	1.782390e-03
66	1.734078e-03
67	1.688825e-03
68	1.646272e-03
69	1.606104e-03
70	1.568047e-03
71	1.531860e-03
72	1.497334e-03
73	1.464289e-03
74	1.432566e-03
75	1.402029e-03
76	1.372563e-03
77	1.344065e-03
78	1.316448e-03
79	1.289636e-03
80	1.263566e-03
81	1.238181e-03
82	1.213433e-03
83	1.189280e-03
84	1.165687e-03
85	1.142623e-03
86	1.120060e-03
87	1.097975e-03
88	1.076348e-03
89	1.055161e-03
90	1.034397e-03
91	1.014043e-03
92	9.940866e-04
93	9.745157e-04
94	9.553206e-04
95	9.364921e-04
96	9.180215e-04
97	8.999011e-04
98	8.821235e-04
99	8.646820e-04
100	8.475700e-04
101	8.307814e-04
102	8.143103e-04
103	7.981511e-04
104	7.822982e-04
105	7.667465e-04
106	7.514906e-04
107	7.365256e-04
108	7.218465e-04
109	7.074486e-04
110	6.933269e-04
111	6.794768e-04
112	6.658937e-04
113	6.525731e-04
114	6.395103e-04
115	6.267010e-04
116	6.141408e-04
117	6.018252e-04
118	5.897500e-04
119	5.779110e-04
120	5.663040e-04
121	5.549247e-04
122	5.437691e-04
123	5.328332e-04
124	5.221129e-04
125	5.116044e-04
126	5.013037e-04
127	4.912069e-04
128	4.813103e-04
129	4.716102e-04
130	4.621029e-04
131	4.527847e-04
132	4.436520e-04
133	4.347014e-04
134	4.259294e-04
135	4.173325e-04
136	4.089075e-04
137	4.006510e-04
138	3.925597e-04
139	3.846305e-04
140	3.768602e-04
141	3.692457e-04
142	3.617841e-04
143	3.544722e-04
144	3.473072e-04
145	3.402862e-04
146	3.334064e-04
147	3.266649e-04
148	3.200591e-04
149	3.135863e-04
150	3.072438e-04
151	3.010291e-04
152	2.949397e-04
153	2.889730e-04
154	2.831266e-04
155	2.773981e-04
156	2.717851e-04
157	2.662855e-04
158	2.608968e-04
159	2.556169e-04
160	2.504436e-04
161	2.453748e-04
162	2.404084e-04
163	2.355423e-04
164	2.307745e-04
165	2.261030e-04
166	2.215260e-04
167	2.170415e-04
168	2.126476e-04
169	2.083426e-04
170	2.041246e-04
171	1.999920e-04
172	1.959428e-04
173	1.919756e-04
174	1.880887e-04
175	1.842803e-04
176	1.805490e-04
177	1.768932e-04
178	1.733114e-04
179	1.698020e-04
180	1.663637e-04
181	1.629949e-04
182	1.596943e-04
183	1.564605e-04
184	1.532922e-04
185	1.501880e-04
186	1.471466e-04
187	1.441668e-04
188	1.412473e-04
189	1.383869e-04
190	1.355844e-04
191	1.328386e-04
192	1.301484e-04
193	1.275127e-04
194	1.249304e-04
195	1.224003e-04
196	1.199215e-04
197	1.174928e-04
198	1.151134e-04
199	1.127821e-04
200	1.104980e-04
201	1.082601e-04
202	1.060676e-04
203	1.039195e-04
204	1.018148e-04
205	9.975282e-05
206	9.773256e-05
207	9.575322e-05
208	9.381395e-05
209	9.191396e-05
210	9.005244e-05
211	8.822862e-05
212	8.644173e-05
213	8.469103e-05
214	8.297578e-05
215	8.129527e-05
216	7.964880e-05
217	7.803566e-05
218	7.645520e-05
219	7.490674e-05
220	7.338964e-05
221	7.190327e-05
222	7.044700e-05
223	6.902022e-05
224	6.762234e-05
225	6.625277e-05
226	6.491093e-05
227	6.359627e-05
228	6.230824e-05
229	6.104629e-05
230	5.980990e-05
231	5.859855e-05
232	5.741174e-05
233	5.624896e-05
234	5.510972e-05
235	5.399357e-05
236	5.290001e-05
237	5.182861e-05
238	5.077891e-05
239	4.975046e-05
240	4.874284e-05
241	4.775563e-05
242	4.678842e-05
243	4.584079e-05
244	4.491236e-05
245	4.400273e-05
246	4.311152e-05
247	4.223837e-05
248	4.138289e-05
249	4.054475e-05
250	3.972358e-05
251	3.891904e-05
252	3.813079e-05
253	3.735851e-05
254	3.660187e-05
255	3.586056e-05
256	3.513426e-05
257	3.442266e-05
258	3.372549e-05
259	3.304243e-05
260	3.237320e-05
261	3.171753e-05
262	3.107514e-05
263	3.044576e-05
264	2.982913e-05
265	2.922499e-05
266	2.863308e-05
267	2.805316e-05
268	2.748498e-05
269	2.692832e-05
270	2.638292e-05
271	2.584858e-05
272	2.532505e-05
273	2.481213e-05
274	2.430960e-05
275	2.381724e-05
276	2.333486e-05
277	2.286225e-05
278	2.239921e-05
279	2.194555e-05
280	2.150107e-05
281	2.106560e-05
282	2.063895e-05
283	2.022094e-05
284	1.981139e-05
285	1.941014e-05
286	1.901702e-05
287	1.863186e-05
288	1.825450e-05
289	1.788478e-05
290	1.752255e-05
291	1.716766e-05
292	1.681995e-05
293	1.647929e-05
294	1.614552e-05
295	1.581852e-05
296	1.549814e-05
297	1.518425e-05
298	1.487671e-05
299	1.457541e-05
300	1.428021e-05
301	1.399098e-05
302	1.370761e-05
303	1.342999e-05
304	1.315798e-05
305	1.289149e-05
306	1.263039e-05
307	1.237458e-05
308	1.212395e-05
309	1.187840e-05
310	1.163782e-05
311	1.140211e-05
312	1.117118e-05
313	1.094492e-05
314	1.072325e-05
315	1.050607e-05
316	1.029328e-05
317	1.008481e-05
318	9.880555e-06
319	9.680439e-06
320	9.484376e-06
321	9.292284e-06
322	9.104083e-06
323	8.919693e-06
324	8.739038e-06
325	8.562042e-06
326	8.388630e-06
327	8.218731e-06
328	8.052273e-06
329	7.889186e-06
330	7.729402e-06
331	7.572855e-06
332	7.419478e-06
333	7.269207e-06
334	7.121980e-06
335	6.977735e-06
336	6.836412e-06
337	6.697950e-06
338	6.562293e-06
339	6.429384e-06
340	6.299166e-06
341	6.171586e-06
342	6.046590e-06
343	5.924125e-06
344	5.804141e-06
345	5.686586e-06
346	5.571413e-06
347	5.458572e-06
348	5.348017e-06
349	5.239701e-06
350	5.133579e-06
351	5.029606e-06
352	4.927738e-06
353	4.827934e-06
354	4.730152e-06
355	4.634350e-06
356	4.540488e-06
357	4.448527e-06
358	4.358429e-06
359	4.270155e-06
360	4.183669e-06
361	4.098935e-06
362	4.015918e-06
363	3.934581e-06
364	3.854892e-06
365	3.776817e-06
366	3.700323e-06
367	3.625379e-06
368	3.551952e-06
369	3.480012e-06
370	3.409530e-06
371	3.340475e-06
372	3.272819e-06
373	3.206533e-06
374	3.141589e-06
375	3.077961e-06
376	3.015621e-06
377	2.954544e-06
378	2.894704e-06
379	2.836077e-06
380	2.778636e-06
381	2.722359e-06
382	2.667222e-06
383	2.613201e-06
384	2.560274e-06
385	2.508420e-06
386	2.457616e-06
387	2.407840e-06
388	2.359073e-06
389	2.311293e-06
390	2.264482e-06
391	2.218618e-06
392	2.173683e-06
393	2.129658e-06
394	2.086525e-06
395	2.044266e-06
396	2.002862e-06
397	1.962297e-06
398	1.922554e-06
399	1.883615e-06
400	1.845466e-06
401	1.808088e-06
402	1.771468e-06
403	1.735590e-06
404	1.700438e-06
405	1.665998e-06
406	1.632256e-06
407	1.599197e-06
408	1.566808e-06
409	1.535074e-06
410	1.503984e-06
411	1.473523e-06
412	1.443679e-06
413	1.414439e-06
414	1.385792e-06
415	1.357725e-06
416	1.330226e-06
417	1.303284e-06
418	1.276888e-06
419	1.251027e-06
420	1.225689e-06
421	1.200864e-06
422	1.176543e-06
423	1.152714e-06
424	1.129367e-06
425	1.106493e-06
426	1.084083e-06
427	1.062127e-06
428	1.040615e-06
429	1.019539e-06
430	9.988894e-07
431	9.786584e-07
432	9.588371e-07
433	9.394173e-07
434	9.203908e-07
435	9.017496e-07
436	8.834860e-07
437	8.655923e-07
438	8.480611e-07
439	8.308848e-07
440	8.140565e-07
441	7.975690e-07
442	7.814154e-07
443	7.655890e-07
444	7.500831e-07
445	7.348913e-07
446	7.200072e-07
447	7.054245e-07
448	6.911372e-07
449	6.771392e-07
450	6.634248e-07
451	6.499881e-07
452	6.368236e-07
453	6.239257e-07
454	6.112890e-07
455	5.989082e-07
456	5.867782e-07
457	5.748939e-07
458	5.632503e-07
459	5.518425e-07
460	5.406657e-07
461	5.297154e-07
462	5.189868e-07
463	5.084755e-07
464	4.981770e-07
465	4.880872e-07
466	4.782017e-07
467	4.685165e-07
468	4.590274e-07
469	4.497304e-07
470	4.406218e-07
471	4.316977e-07
472	4.229543e-07
473	4.143880e-07
474	4.059952e-07
475	3.977723e-07
476	3.897160e-07
477	3.818229e-07
478	3.740897e-07
479	3.665130e-07
480	3.590899e-07
481	3.518170e-07
482	3.446915e-07
483	3.377103e-07
484	3.308705e-07
485	3.241692e-07
486	3.176036e-07
487	3.111710e-07
488	3.048687e-07
489	2.986941e-07
490	2.926444e-07
491	2.867174e-07
492	2.809103e-07
493	2.752209e-07
494	2.696467e-07
495	2.641854e-07
496	2.588347e-07
497	2.535924e-07
498	2.484563e-07
499	2.434242e-07
500	2.384940e-07
501	2.336636e-07
502	2.289311e-07
503	2.242945e-07
504	2.197517e-07
505	2.153010e-07
506	2.109404e-07
507	2.066681e-07
508	2.024823e-07
509	1.983814e-07
510	1.943634e-07
511	1.904269e-07
512	1.865701e-07
513	1.827914e-07
514	1.790892e-07
515	1.754620e-07
516	1.719083e-07
517	1.684266e-07
518	1.650153e-07
519	1.616732e-07
520	1.583987e-07
521	1.551906e-07
522	1.520475e-07
523	1.489680e-07
524	1.459508e-07
525	1.429948e-07
526	1.400987e-07
527	1.372612e-07
528	1.344812e-07
529	1.317574e-07
530	1.290889e-07
531	1.264744e-07
532	1.239128e-07
533	1.214032e-07
534	1.189443e-07
535	1.165353e-07
536	1.141750e-07
537	1.118626e-07
538	1.095970e-07
539	1.073773e-07
540	1.052025e-07
541	1.030718e-07
542	1.009842e-07
543	9.893892e-08
544	9.693506e-08
545	9.497179e-08
546	9.304827e-08
547	9.116372e-08
548	8.931733e-08
549	8.750834e-08
550	8.573599e-08
551	8.399954e-08
552	8.229825e-08
553	8.063142e-08
554	7.899835e-08
555	7.739836e-08
556	7.583077e-08
557	7.429493e-08
558	7.279020e-08
559	7.131594e-08
560	6.987154e-08
561	6.845640e-08
562	6.706992e-08
563	6.571151e-08
564	6.438063e-08
565	6.307669e-08
566	6.179917e-08
567	6.054752e-08
568	5.932122e-08
569	5.811975e-08
570	5.694262e-08
571	5.578934e-08
572	5.465941e-08
573	5.355236e-08
574	5.246774e-08
575	5.140508e-08
576	5.036395e-08
577	4.934390e-08
578	4.834451e-08
579	4.736537e-08
580	4.640605e-08
581	4.546617e-08
582	4.454532e-08
583	4.364312e-08
584	4.275919e-08
585	4.189317e-08
586	4.104468e-08
587	4.021339e-08
588	3.939892e-08
589	3.860096e-08
590	3.781915e-08
591	3.705318e-08
592	3.630272e-08
593	3.556747e-08
594	3.484710e-08
595	3.414132e-08
596	3.344984e-08
597	3.277236e-08
598	3.210861e-08
599	3.145830e-08
600	3.082116e-08
601	3.019692e-08
602	2.958533e-08
603	2.898612e-08
604	2.839905e-08
605	2.782387e-08
606	2.726034e-08
607	2.670822e-08
608	2.616728e-08
609	2.563730e-08
610	2.511806e-08
611	2.460933e-08
612	2.411090e-08
613	2.362257e-08
614	2.314413e-08
615	2.267538e-08
616	2.221613e-08
617	2.176617e-08
618	2.132533e-08
619	2.089342e-08
620	2.047025e-08
621	2.005566e-08
622	1.964946e-08
623	1.925149e-08
624	1.886158e-08
625	1.847957e-08
626	1.810529e-08
627	1.773860e-08
628	1.737933e-08
629	1.702733e-08
630	1.668247e-08
631	1.634459e-08
632	1.601356e-08
633	1.568923e-08
634	1.537146e-08
635	1.506014e-08
636	1.475512e-08
637	1.445627e-08
638	1.416348e-08
639	1.387662e-08
640	1.359557e-08
641	1.332021e-08
642	1.305043e-08
643	1.278612e-08
644	1.252715e-08
645	1.227343e-08
646	1.202485e-08
647	1.178131e-08
648	1.154270e-08
649	1.130892e-08
650	1.107987e-08
651	1.085546e-08
652	1.063560e-08
653	1.042019e-08
654	1.020915e-08
655	1.000238e-08
656	9.799794e-09
657	9.601314e-09
658	9.406854e-09
659	9.216332e-09
660	9.029669e-09
661	8.846786e-09
662	8.667608e-09
663	8.492058e-09
664	8.320064e-09
665	8.151554e-09
666	7.986456e-09
667	7.824702e-09
668	7.666225e-09
669	7.510957e-09
670	7.358833e-09
671	7.209791e-09
672	7.063768e-09
673	6.920701e-09
674	6.780533e-09
675	6.643203e-09
676	6.508655e-09
677	6.376832e-09
678	6.247679e-09
679	6.121141e-09
680	5.997167e-09
681	5.875703e-09
682	5.756699e-09
683	5.640106e-09
684	5.525874e-09
685	5.413956e-09
686	5.304304e-09
687	5.196873e-09
688	5.091618e-09
689	4.988495e-09
690	4.887461e-09
691	4.788472e-09
692	4.691489e-09
693	4.596470e-09
694	4.503375e-09
695	4.412166e-09
696	4.322804e-09
697	4.235252e-09
698	4.149473e-09
699	4.065432e-09
700	3.983093e-09
701	3.902421e-09
702	3.823383e-09
703	3.745946e-09
704	3.670078e-09
705	3.595746e-09
706	3.522919e-09
707	3.451568e-09
708	3.381661e-09
709	3.313171e-09
710	3.246068e-09
711	3.180323e-09
712	3.115911e-09
713	3.052802e-09
714	2.990972e-09
715	2.930395e-09
716	2.871044e-09
717	2.812895e-09
718	2.755924e-09
719	2.700107e-09
720	2.645420e-09
721	2.591841e-09
722	2.539348e-09
723	2.487917e-09
724	2.437528e-09
725	2.388159e-09
726	2.339791e-09
727	2.292402e-09
728	2.245972e-09
729	2.200484e-09
730	2.155916e-09
731	2.112251e-09
732	2.069471e-09
733	2.027557e-09
734	1.986492e-09
735	1.946258e-09
736	1.906840e-09
737	1.868219e-09
738	1.830381e-09
739	1.793310e-09
740	1.756989e-09
741	1.721404e-09
742	1.686539e-09
743	1.652381e-09
744	1.618914e-09
745	1.586126e-09
746	1.554001e-09
747	1.522527e-09
748	1.491690e-09
749	1.461479e-09
750	1.431878e-09
751	1.402878e-09
752	1.374465e-09
753	1.346627e-09
754	1.319353e-09
755	1.292631e-09
756	1.266451e-09
757	1.240801e-09
758	1.215671e-09
759	1.191049e-09
760	1.166926e-09
761	1.143292e-09
762	1.120136e-09
763	1.097449e-09
764	1.075222e-09
765	1.053445e-09
766	1.032109e-09
767	1.011205e-09
768	9.907248e-10
769	9.706591e-10
770	9.509998e-10
771	9.317388e-10
772	9.128678e-10
773	8.943790e-10
774	8.762647e-10
775	8.585172e-10
776	8.411293e-10
777	8.240934e-10
778	8.074027e-10
779	7.910499e-10
780	7.750283e-10
781	7.593314e-10
782	7.439522e-10
783	7.288845e-10
784	7.141221e-10
785	6.996586e-10
786	6.854881e-10
787	6.716045e-10
788	6.580022e-10
789	6.446753e-10
790	6.316184e-10
791	6.188258e-10
792	6.062925e-10
793	5.940129e-10
794	5.819821e-10
795	5.701949e-10
796	5.586464e-10
797	5.473319e-10
798	5.362465e-10
799	5.253857e-10
800	5.147447e-10
801	5.043193e-10
802	4.941051e-10
803	4.840978e-10
804	4.742930e-10
805	4.646869e-10
806	4.552754e-10
807	4.460545e-10
808	4.370203e-10
809	4.281691e-10
810	4.194972e-10
811	4.110009e-10
812	4.026767e-10
813	3.945211e-10
814	3.865306e-10
815	3.787020e-10
816	3.710320e-10
817	3.635173e-10
818	3.561548e-10
819	3.489414e-10
820	3.418741e-10
821	3.349499e-10
822	3.281660e-10
823	3.215195e-10
824	3.150076e-10
825	3.086276e-10
826	3.023768e-10
827	2.962526e-10
828	2.902525e-10
829	2.843739e-10
830	2.786143e-10
831	2.729713e-10
832	2.674427e-10
833	2.620261e-10
834	2.567191e-10
835	2.515197e-10
836	2.464255e-10
837	2.414345e-10
838	2.365446e-10
839	2.317537e-10
840	2.270600e-10
841	2.224612e-10
842	2.179555e-10
843	2.135412e-10
844	2.092163e-10
845	2.049788e-10
846	2.008274e-10
847	1.967599e-10
848	1.927747e-10
849	1.888704e-10
850	1.850451e-10
851	1.812973e-10
852	1.776254e-10
853	1.740279e-10
854	1.705032e-10
855	1.670499e-10
856	1.636665e-10
857	1.603517e-10
858	1.571040e-10
859	1.539221e-10
860	1.508047e-10
861	1.477504e-10
862	1.447579e-10
863	1.418260e-10
864	1.389536e-10
865	1.361392e-10
866	1.333819e-10
867	1.306805e-10
868	1.280338e-10
869	1.254406e-10
870	1.229000e-10
871	1.204109e-10
872	1.179721e-10
873	1.155828e-10
874	1.132418e-10
875	1.109483e-10
876	1.087012e-10
877	1.064996e-10
878	1.043426e-10
879	1.022293e-10
880	1.001588e-10
881	9.813021e-11
882	9.614275e-11
883	9.419547e-11
884	9.228776e-11
885	9.041853e-11
886	8.858731e-11
887	8.679310e-11
888	8.503519e-11
889	8.331295e-11
890	8.162558e-11
891	7.997238e-11
892	7.835264e-11
893	7.676574e-11
894	7.521092e-11
895	7.368767e-11
896	7.219526e-11
897	7.073300e-11
898	6.930041e-11
899	6.789681e-11
900	6.652173e-11
901	6.517439e-11
902	6.385442e-11
903	6.256110e-11
904	6.129400e-11
905	6.005263e-11
906	5.883635e-11
907	5.764473e-11
908	5.647720e-11
909	5.533331e-11
910	5.421261e-11
911	5.311463e-11
912	5.203887e-11
913	5.098494e-11
914	4.995230e-11
915	4.894056e-11
916	4.794935e-11
917	4.697821e-11
918	4.602671e-11
919	4.509457e-11
920	4.418120e-11
921	4.328644e-11
922	4.240970e-11
923	4.155078e-11
924	4.070918e-11
925	3.988471e-11
926	3.907690e-11
927	3.828547e-11
928	3.751000e-11
929	3.675033e-11
930	3.600596e-11
931	3.527674e-11
932	3.456223e-11
933	3.386231e-11
934	3.317641e-11
935	3.250449e-11
936	3.184621e-11
937	3.120112e-11
938	3.056925e-11
939	2.995007e-11
940	2.934352e-11
941	2.874916e-11
942	2.816695e-11
943	2.759646e-11
944	2.703752e-11
945	2.648992e-11
946	2.595338e-11
947	2.542780e-11
948	2.491276e-11
949	2.440813e-11
950	2.391381e-11
951	2.342950e-11
952	2.295495e-11
953	2.249007e-11
954	2.203452e-11
955	2.158827e-11
956	2.115100e-11
957	2.072264e-11
958	2.030298e-11
959	1.989171e-11
960	1.948891e-11
961	1.909411e-11
962	1.870745e-11
963	1.832851e-11
964	1.795730e-11
965	1.759360e-11
966	1.723726e-11
967	1.688819e-11
968	1.654607e-11
969	1.621100e-11
970	1.588272e-11
971	1.556091e-11
972	1.524581e-11
973	1.493710e-11
974	1.463450e-11
975	1.433813e-11
976	1.404772e-11
977	1.376328e-11
978	1.348444e-11
979	1.321131e-11
980	1.294371e-11
981	1.268162e-11
982	1.242478e-11
983	1.217311e-11
984	1.192657e-11
985	1.168502e-11
986	1.144837e-11
987	1.121650e-11
988	1.098932e-11
989	1.076674e-11
990	1.054867e-11
991	1.033506e-11
992	1.012568e-11
993	9.920637e-12
994	9.719680e-12
995	9.522798e-12
996	9.329995e-12
997	9.141028e-12
998	8.955886e-12
999	8.774464e-12
1000	8.596750e-12
1001	8.422637e-12
1002	8.252070e-12
1003	8.084937e-12
1004	7.921157e-12
1005	7.760716e-12
1006	7.603513e-12
1007	7.449600e-12
1008	7.298678e-12
1009	7.150844e-12
1010	7.006028e-12
1011	6.864120e-12
1012	6.725080e-12
1013	6.588902e-12
1014	6.455453e-12
1015	6.324709e-12
1016	6.196650e-12
1017	6.071129e-12
1018	5.948166e-12
1019	5.827600e-12
1020	5.709619e-12
1021	5.593978e-12
1022	5.480751e-12
1023	5.369716e-12
1024	5.260943e-12
1025	5.154405e-12
1026	5.049951e-12
1027	4.947706e-12
1028	4.847537e-12
1029	4.749292e-12
1030	4.653153e-12
1031	4.558905e-12
1032	4.466614e-12
1033	4.376093e-12
1034	4.287459e-12
1035	4.200623e-12
1036	4.115546e-12
1037	4.032215e-12
1038	3.950517e-12
1039	3.870551e-12
1040	3.792170e-12
1041	3.715315e-12
1042	3.640056e-12
1043	3.566351e-12
1044	3.494078e-12
1045	3.423345e-12
1046	3.354017e-12
1047	3.286106e-12
1048	3.219578e-12
1049	3.154324e-12
1050	3.090435e-12
1051	3.027838e-12
1052	2.966504e-12
1053	2.906467e-12
1054	2.847600e-12
1055	2.789958e-12
1056	2.733389e-12
1057	2.678056e-12
1058	2.623826e-12
1059	2.570650e-12
1060	2.518569e-12
1061	2.467578e-12
1062	2.417583e-12
1063	2.368659e-12
1064	2.320664e-12
1065	2.273685e-12
1066	2.227616e-12
1067	2.182522e-12
1068	2.138268e-12
1069	2.094975e-12
1070	2.052566e-12
1071	2.010991e-12
1072	1.970297e-12
1073	1.930338e-12
1074	1.891292e-12
1075	1.852938e-12
1076	1.815415e-12
1077	1.778683e-12
1078	1.742632e-12
1079	1.707274e-12
1080	1.672755e-12
1081	1.638886e-12
1082	1.605664e-12
1083	1.573168e-12
1084	1.541286e-12
1085	1.510103e-12
1086	1.479493e-12
1087	1.449511e-12
1088	1.420152e-12
1089	1.391410e-12
1090	1.363196e-12
1091	1.335612e-12
1092	1.308540e-12
1093	1.282110e-12
1094	1.256106e-12
1095	1.230679e-12
1096	1.205710e-12
1097	1.181316e-12
1098	1.157465e-12
1099	1.133938e-12
1100	1.110944e-12
1101	1.088499e-12
1102	1.066416e-12
1103	1.044848e-12
1104	1.023651e-12
1105	1.002972e-12
1106	9.826271e-13
