1	1.000000e+00
2	5.000000e-01
3	3.535534e-01
4	2.795085e-01
5	2.338536e-01
6	2.025231e-01
7	1.795176e-01
8	1.618150e-01
9	1.477162e-01
10	1.361876e-01
11	1.265619e-01
12	1.183878e-01
13	1.113485e-01
14	1.052144e-01
15	9.981516e-02
16	9.502120e-02
17	9.073229e-02
18	8.686956e-02
19	8.337001e-02
20	8.018270e-02
21	7.726599e-02
22	7.458542e-02
23	7.211228e-02
24	6.982242e-02
25	6.769534e-02
26	6.571358e-02
27	6.386210e-02
28	6.212794e-02
29	6.049979e-02
30	5.896780e-02
31	5.752331e-02
32	5.615868e-02
33	5.486713e-02
34	5.364264e-02
35	5.247982e-02
36	5.137385e-02
37	5.032038e-02
38	4.931547e-02
39	4.835559e-02
40	4.743750e-02
41	4.655827e-02
42	4.571519e-02
43	4.490583e-02
44	4.412793e-02
45	4.337942e-02
46	4.265839e-02
47	4.196309e-02
48	4.129191e-02
49	4.064334e-02
50	4.001601e-02
51	3.940863e-02
52	3.882002e-02
53	3.824907e-02
54	3.769476e-02
55	3.715616e-02
56	3.663237e-02
57	3.612257e-02
58	3.562602e-02
59	3.514199e-02
60	3.466983e-02
61	3.420894e-02
62	3.375872e-02
63	3.331867e-02
64	3.288827e-02
65	3.246707e-02
66	3.205464e-02
67	3.165057e-02
68	3.125450e-02
69	3.086606e-02
70	3.048494e-02
71	3.011083e-02
72	2.974345e-02
73	2.938252e-02
74	2.902780e-02
75	2.867906e-02
76	2.833608e-02
77	2.799864e-02
78	2.766657e-02
79	2.733968e-02
80	2.701779e-02
81	2.670076e-02
82	2.638843e-02
83	2.608067e-02
84	2.577733e-02
85	2.547830e-02
86	2.518346e-02
87	2.489269e-02
88	2.460590e-02
89	2.432297e-02
90	2.404382e-02
91	2.376837e-02
92	2.349651e-02
93	2.322818e-02
94	2.296330e-02
95	2.270179e-02
96	2.244358e-02
97	2.218862e-02
98	2.193683e-02
99	2.168815e-02
100	2.144254e-02
101	2.119992e-02
102	2.096025e-02
103	2.072348e-02
104	2.048956e-02
105	2.025844e-02
106	2.003007e-02
107	1.980441e-02
108	1.958143e-02
109	1.936107e-02
110	1.914329e-02
111	1.892807e-02
112	1.871536e-02
113	1.850512e-02
114	1.829732e-02
115	1.809193e-02
116	1.788892e-02
117	1.768824e-02
118	1.748987e-02
119	1.729378e-02
120	1.709993e-02
121	1.690830e-02
122	1.671886e-02
123	1.653159e-02
124	1.634644e-02
125	1.616340e-02
126	1.598244e-02
127	1.580354e-02
128	1.562666e-02
129	1.545179e-02
130	1.527890e-02
131	1.510796e-02
132	1.493895e-02
133	1.477185e-02
134	1.460663e-02
135	1.444328e-02
136	1.428177e-02
137	1.412208e-02
138	1.396418e-02
139	1.380806e-02
140	1.365370e-02
141	1.350107e-02
142	1.335015e-02
143	1.320093e-02
144	1.305339e-02
145	1.290750e-02
146	1.276324e-02
147	1.262061e-02
148	1.247957e-02
149	1.234012e-02
150	1.220223e-02
151	1.206588e-02
152	1.193106e-02
153	1.179775e-02
154	1.166593e-02
155	1.153559e-02
156	1.140671e-02
157	1.127927e-02
158	1.115326e-02
159	1.102865e-02
160	1.090544e-02
161	1.078361e-02
162	1.066314e-02
163	1.054402e-02
164	1.042623e-02
165	1.030976e-02
166	1.019459e-02
167	1.008071e-02
168	9.968103e-03
169	9.856754e-03
170	9.746649e-03
171	9.637775e-03
172	9.530118e-03
173	9.423665e-03
174	9.318401e-03
175	9.214313e-03
176	9.111389e-03
177	9.009615e-03
178	8.908978e-03
179	8.809466e-03
180	8.711066e-03
181	8.613765e-03
182	8.517552e-03
183	8.422413e-03
184	8.328337e-03
185	8.235313e-03
186	8.143328e-03
187	8.052370e-03
188	7.962429e-03
189	7.873492e-03
190	7.785549e-03
191	7.698589e-03
192	7.612599e-03
193	7.527571e-03
194	7.443492e-03
195	7.360353e-03
196	7.278142e-03
197	7.196850e-03
198	7.116466e-03
199	7.036979e-03
200	6.958381e-03
201	6.880660e-03
202	6.803808e-03
203	6.727814e-03
204	6.652669e-03
205	6.578364e-03
206	6.504888e-03
207	6.432233e-03
208	6.360390e-03
209	6.289349e-03
210	6.219102e-03
211	6.149639e-03
212	6.080952e-03
213	6.013032e-03
214	5.945871e-03
215	5.879461e-03
216	5.813792e-03
217	5.748856e-03
218	5.684646e-03
219	5.621153e-03
220	5.558369e-03
221	5.496286e-03
222	5.434897e-03
223	5.374194e-03
224	5.314168e-03
225	5.254813e-03
226	5.196121e-03
227	5.138084e-03
228	5.080696e-03
229	5.023949e-03
230	4.967835e-03
231	4.912349e-03
232	4.857482e-03
233	4.803228e-03
234	4.749579e-03
235	4.696531e-03
236	4.644074e-03
237	4.592204e-03
238	4.540912e-03
239	4.490194e-03
240	4.440042e-03
241	4.390451e-03
242	4.341413e-03
243	4.292923e-03
244	4.244974e-03
245	4.197562e-03
246	4.150678e-03
247	4.104319e-03
248	4.058477e-03
249	4.013147e-03
250	3.968323e-03
251	3.924000e-03
252	3.880172e-03
253	3.836834e-03
254	3.793980e-03
255	3.751604e-03
256	3.709702e-03
257	3.668268e-03
258	3.627296e-03
259	3.586782e-03
260	3.546721e-03
261	3.507107e-03
262	3.467935e-03
263	3.429201e-03
264	3.390900e-03
265	3.353026e-03
266	3.315576e-03
267	3.278544e-03
268	3.241925e-03
269	3.205715e-03
270	3.169910e-03
271	3.134505e-03
272	3.099495e-03
273	3.064876e-03
274	3.030644e-03
275	2.996794e-03
276	2.963323e-03
277	2.930225e-03
278	2.897497e-03
279	2.865134e-03
280	2.833133e-03
281	2.801489e-03
282	2.770199e-03
283	2.739258e-03
284	2.708663e-03
285	2.678409e-03
286	2.648493e-03
287	2.618912e-03
288	2.589661e-03
289	2.560736e-03
290	2.532135e-03
291	2.503853e-03
292	2.475887e-03
293	2.448234e-03
294	2.420889e-03
295	2.393850e-03
296	2.367112e-03
297	2.340674e-03
298	2.314530e-03
299	2.288679e-03
300	2.263116e-03
301	2.237839e-03
302	2.212844e-03
303	2.188129e-03
304	2.163689e-03
305	2.139522e-03
306	2.115626e-03
307	2.091996e-03
308	2.068630e-03
309	2.045525e-03
310	2.022678e-03
311	2.000087e-03
312	1.977747e-03
313	1.955658e-03
314	1.933814e-03
315	1.912215e-03
316	1.890857e-03
317	1.869738e-03
318	1.848855e-03
319	1.828205e-03
320	1.807785e-03
321	1.787594e-03
322	1.767628e-03
323	1.747885e-03
324	1.728362e-03
325	1.709058e-03
326	1.689969e-03
327	1.671094e-03
328	1.652429e-03
329	1.633973e-03
330	1.615722e-03
331	1.597676e-03
332	1.579831e-03
333	1.562186e-03
334	1.544738e-03
335	1.527484e-03
336	1.510423e-03
337	1.493553e-03
338	1.476872e-03
339	1.460376e-03
340	1.444065e-03
341	1.427936e-03
342	1.411987e-03
343	1.396216e-03
344	1.380622e-03
345	1.365201e-03
346	1.349953e-03
347	1.334875e-03
348	1.319966e-03
349	1.305223e-03
350	1.290645e-03
351	1.276229e-03
352	1.261975e-03
353	1.247880e-03
354	1.233942e-03
355	1.220160e-03
356	1.206532e-03
357	1.193056e-03
358	1.179730e-03
359	1.166553e-03
360	1.153524e-03
361	1.140640e-03
362	1.127900e-03
363	1.115302e-03
364	1.102845e-03
365	1.090528e-03
366	1.078347e-03
367	1.066303e-03
368	1.054393e-03
369	1.042617e-03
370	1.030971e-03
371	1.019456e-03
372	1.008070e-03
373	9.968105e-04
374	9.856770e-04
375	9.746678e-04
376	9.637815e-04
377	9.530169e-04
378	9.423725e-04
379	9.318470e-04
380	9.214390e-04
381	9.111473e-04
382	9.009705e-04
383	8.909074e-04
384	8.809567e-04
385	8.711172e-04
386	8.613875e-04
387	8.517665e-04
388	8.422530e-04
389	8.328457e-04
390	8.235435e-04
391	8.143452e-04
392	8.052497e-04
393	7.962557e-04
394	7.873622e-04
395	7.785680e-04
396	7.698720e-04
397	7.612732e-04
398	7.527704e-04
399	7.443626e-04
400	7.360487e-04
401	7.278276e-04
402	7.196984e-04
403	7.116599e-04
404	7.037113e-04
405	6.958514e-04
406	6.880793e-04
407	6.803941e-04
408	6.727946e-04
409	6.652801e-04
410	6.578494e-04
411	6.505018e-04
412	6.432362e-04
413	6.360518e-04
414	6.289476e-04
415	6.219228e-04
416	6.149764e-04
417	6.081077e-04
418	6.013156e-04
419	5.945994e-04
420	5.879582e-04
421	5.813912e-04
422	5.748976e-04
423	5.684764e-04
424	5.621270e-04
425	5.558485e-04
426	5.496401e-04
427	5.435011e-04
428	5.374307e-04
429	5.314280e-04
430	5.254924e-04
431	5.196231e-04
432	5.138193e-04
433	5.080804e-04
434	5.024055e-04
435	4.967941e-04
436	4.912453e-04
437	4.857585e-04
438	4.803330e-04
439	4.749681e-04
440	4.696631e-04
441	4.644173e-04
442	4.592302e-04
443	4.541009e-04
444	4.490290e-04
445	4.440137e-04
446	4.390545e-04
447	4.341506e-04
448	4.293015e-04
449	4.245065e-04
450	4.197651e-04
451	4.150767e-04
452	4.104406e-04
453	4.058564e-04
454	4.013233e-04
455	3.968408e-04
456	3.924085e-04
457	3.880256e-04
458	3.836916e-04
459	3.794061e-04
460	3.751685e-04
461	3.709782e-04
462	3.668346e-04
463	3.627374e-04
464	3.586859e-04
465	3.546797e-04
466	3.507182e-04
467	3.468010e-04
468	3.429275e-04
469	3.390973e-04
470	3.353098e-04
471	3.315647e-04
472	3.278614e-04
473	3.241995e-04
474	3.205784e-04
475	3.169978e-04
476	3.134572e-04
477	3.099562e-04
478	3.064942e-04
479	3.030709e-04
480	2.996859e-04
481	2.963386e-04
482	2.930288e-04
483	2.897559e-04
484	2.865196e-04
485	2.833194e-04
486	2.801549e-04
487	2.770258e-04
488	2.739317e-04
489	2.708721e-04
490	2.678467e-04
491	2.648550e-04
492	2.618968e-04
493	2.589717e-04
494	2.560792e-04
495	2.532190e-04
496	2.503907e-04
497	2.475941e-04
498	2.448286e-04
499	2.420941e-04
500	2.393901e-04
501	2.367163e-04
502	2.340724e-04
503	2.314580e-04
504	2.288728e-04
505	2.263165e-04
506	2.237887e-04
507	2.212892e-04
508	2.188176e-04
509	2.163736e-04
510	2.139568e-04
511	2.115671e-04
512	2.092041e-04
513	2.068675e-04
514	2.045569e-04
515	2.022722e-04
516	2.000130e-04
517	1.977790e-04
518	1.955700e-04
519	1.933856e-04
520	1.912257e-04
521	1.890898e-04
522	1.869778e-04
523	1.848895e-04
524	1.828244e-04
525	1.807824e-04
526	1.787632e-04
527	1.767666e-04
528	1.747922e-04
529	1.728399e-04
530	1.709095e-04
531	1.690005e-04
532	1.671130e-04
533	1.652464e-04
534	1.634008e-04
535	1.615757e-04
536	1.597711e-04
537	1.579865e-04
538	1.562220e-04
539	1.544771e-04
540	1.527517e-04
541	1.510456e-04
542	1.493585e-04
543	1.476903e-04
544	1.460408e-04
545	1.444096e-04
546	1.427967e-04
547	1.412017e-04
548	1.396246e-04
549	1.380651e-04
550	1.365231e-04
551	1.349982e-04
552	1.334904e-04
553	1.319994e-04
554	1.305251e-04
555	1.290672e-04
556	1.276257e-04
557	1.262002e-04
558	1.247906e-04
559	1.233968e-04
560	1.220186e-04
561	1.206557e-04
562	1.193081e-04
563	1.179756e-04
564	1.166579e-04
565	1.153549e-04
566	1.140665e-04
567	1.127924e-04
568	1.115326e-04
569	1.102869e-04
570	1.090551e-04
571	1.078370e-04
572	1.066326e-04
573	1.054416e-04
574	1.042639e-04
575	1.030994e-04
576	1.019478e-04
577	1.008092e-04
578	9.968320e-05
579	9.856982e-05
580	9.746888e-05
581	9.638023e-05
582	9.530374e-05
583	9.423928e-05
584	9.318670e-05
585	9.214588e-05
586	9.111669e-05
587	9.009899e-05
588	8.909266e-05
589	8.809757e-05
590	8.711359e-05
591	8.614061e-05
592	8.517849e-05
593	8.422711e-05
594	8.328637e-05
595	8.235613e-05
596	8.143628e-05
597	8.052670e-05
598	7.962728e-05
599	7.873791e-05
600	7.785848e-05
601	7.698886e-05
602	7.612896e-05
603	7.527866e-05
604	7.443786e-05
605	7.360645e-05
606	7.278433e-05
607	7.197139e-05
608	7.116753e-05
609	7.037264e-05
610	6.958664e-05
611	6.880941e-05
612	6.804087e-05
613	6.728091e-05
614	6.652944e-05
615	6.578636e-05
616	6.505158e-05
617	6.432501e-05
618	6.360655e-05
619	6.289612e-05
620	6.219362e-05
621	6.149897e-05
622	6.081208e-05
623	6.013286e-05
624	5.946122e-05
625	5.879709e-05
626	5.814037e-05
627	5.749099e-05
628	5.684887e-05
629	5.621391e-05
630	5.558605e-05
631	5.496520e-05
632	5.435128e-05
633	5.374422e-05
634	5.314394e-05
635	5.255037e-05
636	5.196343e-05
637	5.138304e-05
638	5.080913e-05
639	5.024164e-05
640	4.968048e-05
641	4.912559e-05
642	4.857690e-05
643	4.803433e-05
644	4.749783e-05
645	4.696732e-05
646	4.644273e-05
647	4.592400e-05
648	4.541107e-05
649	4.490387e-05
650	4.440233e-05
651	4.390639e-05
652	4.341599e-05
653	4.293107e-05
654	4.245157e-05
655	4.197742e-05
656	4.150856e-05
657	4.104495e-05
658	4.058651e-05
659	4.013319e-05
660	3.968494e-05
661	3.924169e-05
662	3.880339e-05
663	3.836999e-05
664	3.794143e-05
665	3.751766e-05
666	3.709861e-05
667	3.668425e-05
668	3.627452e-05
669	3.586936e-05
670	3.546873e-05
671	3.507258e-05
672	3.468084e-05
673	3.429349e-05
674	3.391046e-05
675	3.353171e-05
676	3.315719e-05
677	3.278685e-05
678	3.242064e-05
679	3.205853e-05
680	3.170047e-05
681	3.134640e-05
682	3.099628e-05
683	3.065008e-05
684	3.030775e-05
685	2.996923e-05
686	2.963450e-05
687	2.930351e-05
688	2.897621e-05
689	2.865257e-05
690	2.833255e-05
691	2.801610e-05
692	2.770318e-05
693	2.739376e-05
694	2.708779e-05
695	2.678524e-05
696	2.648607e-05
697	2.619025e-05
698	2.589772e-05
699	2.560847e-05
700	2.532244e-05
701	2.503961e-05
702	2.475994e-05
703	2.448339e-05
704	2.420993e-05
705	2.393953e-05
706	2.367214e-05
707	2.340774e-05
708	2.314630e-05
709	2.288777e-05
710	2.263214e-05
711	2.237935e-05
712	2.212940e-05
713	2.188223e-05
714	2.163782e-05
715	2.139615e-05
716	2.115717e-05
717	2.092086e-05
718	2.068719e-05
719	2.045613e-05
720	2.022765e-05
721	2.000173e-05
722	1.977833e-05
723	1.955742e-05
724	1.933898e-05
725	1.912298e-05
726	1.890939e-05
727	1.869819e-05
728	1.848934e-05
729	1.828283e-05
730	1.807863e-05
731	1.787671e-05
732	1.767704e-05
733	1.747960e-05
734	1.728437e-05
735	1.709131e-05
736	1.690042e-05
737	1.671166e-05
738	1.652500e-05
739	1.634043e-05
740	1.615792e-05
741	1.597745e-05
742	1.579899e-05
743	1.562253e-05
744	1.544804e-05
745	1.527550e-05
746	1.510489e-05
747	1.493618e-05
748	1.476935e-05
749	1.460439e-05
750	1.444127e-05
751	1.427997e-05
752	1.412048e-05
753	1.396276e-05
754	1.380681e-05
755	1.365260e-05
756	1.350011e-05
757	1.334933e-05
758	1.320023e-05
759	1.305279e-05
760	1.290700e-05
761	1.276284e-05
762	1.262029e-05
763	1.247933e-05
764	1.233995e-05
765	1.220212e-05
766	1.206583e-05
767	1.193107e-05
768	1.179781e-05
769	1.166604e-05
770	1.153574e-05
771	1.140689e-05
772	1.127949e-05
773	1.115350e-05
774	1.102893e-05
775	1.090575e-05
776	1.078394e-05
777	1.066349e-05
778	1.054439e-05
779	1.042661e-05
780	1.031016e-05
781	1.019500e-05
782	1.008113e-05
783	9.968535e-06
784	9.857194e-06
785	9.747098e-06
786	9.638230e-06
787	9.530579e-06
788	9.424131e-06
789	9.318871e-06
790	9.214787e-06
791	9.111865e-06
792	9.010093e-06
793	8.909458e-06
794	8.809947e-06
795	8.711547e-06
796	8.614246e-06
797	8.518032e-06
798	8.422893e-06
799	8.328816e-06
800	8.235790e-06
801	8.143803e-06
802	8.052843e-06
803	7.962900e-06
804	7.873961e-06
805	7.786015e-06
806	7.699052e-06
807	7.613060e-06
808	7.528028e-06
809	7.443946e-06
810	7.360804e-06
811	7.278590e-06
812	7.197294e-06
813	7.116906e-06
814	7.037416e-06
815	6.958814e-06
816	6.881090e-06
817	6.804234e-06
818	6.728236e-06
819	6.653087e-06
820	6.578778e-06
821	6.505298e-06
822	6.432639e-06
823	6.360792e-06
824	6.289747e-06
825	6.219496e-06
826	6.150029e-06
827	6.081339e-06
828	6.013415e-06
829	5.946250e-06
830	5.879835e-06
831	5.814162e-06
832	5.749223e-06
833	5.685009e-06
834	5.621512e-06
835	5.558725e-06
836	5.496638e-06
837	5.435245e-06
838	5.374538e-06
839	5.314509e-06
840	5.255150e-06
841	5.196455e-06
842	5.138414e-06
843	5.081023e-06
844	5.024272e-06
845	4.968155e-06
846	4.912665e-06
847	4.857794e-06
848	4.803537e-06
849	4.749885e-06
850	4.696833e-06
851	4.644373e-06
852	4.592499e-06
853	4.541205e-06
854	4.490483e-06
855	4.440328e-06
856	4.390734e-06
857	4.341693e-06
858	4.293200e-06
859	4.245248e-06
860	4.197832e-06
861	4.150946e-06
862	4.104583e-06
863	4.058738e-06
864	4.013406e-06
865	3.968579e-06
866	3.924254e-06
867	3.880423e-06
868	3.837082e-06
869	3.794225e-06
870	3.751846e-06
871	3.709941e-06
872	3.668504e-06
873	3.627530e-06
874	3.587014e-06
875	3.546950e-06
876	3.507333e-06
877	3.468159e-06
878	3.429423e-06
879	3.391119e-06
880	3.353243e-06
881	3.315790e-06
882	3.278755e-06
883	3.242134e-06
884	3.205922e-06
885	3.170115e-06
886	3.134707e-06
887	3.099695e-06
888	3.065074e-06
889	3.030840e-06
890	2.996988e-06
891	2.963514e-06
892	2.930414e-06
893	2.897684e-06
894	2.865319e-06
895	2.833316e-06
896	2.801670e-06
897	2.770378e-06
898	2.739435e-06
899	2.708837e-06
900	2.678582e-06
901	2.648664e-06
902	2.619081e-06
903	2.589828e-06
904	2.560902e-06
905	2.532299e-06
906	2.504015e-06
907	2.476047e-06
908	2.448392e-06
909	2.421045e-06
910	2.394004e-06
911	2.367265e-06
912	2.340825e-06
913	2.314680e-06
914	2.288827e-06
915	2.263262e-06
916	2.237984e-06
917	2.212987e-06
918	2.188270e-06
919	2.163829e-06
920	2.139661e-06
921	2.115762e-06
922	2.092131e-06
923	2.068764e-06
924	2.045657e-06
925	2.022809e-06
926	2.000216e-06
927	1.977875e-06
928	1.955784e-06
929	1.933939e-06
930	1.912339e-06
931	1.890980e-06
932	1.869859e-06
933	1.848974e-06
934	1.828323e-06
935	1.807902e-06
936	1.787709e-06
937	1.767742e-06
938	1.747998e-06
939	1.728474e-06
940	1.709168e-06
941	1.690078e-06
942	1.671201e-06
943	1.652536e-06
944	1.634078e-06
945	1.615827e-06
946	1.597779e-06
947	1.579933e-06
948	1.562287e-06
949	1.544837e-06
950	1.527583e-06
951	1.510521e-06
952	1.493650e-06
953	1.476967e-06
954	1.460470e-06
955	1.444158e-06
956	1.428028e-06
957	1.412078e-06
958	1.396307e-06
959	1.380711e-06
960	1.365290e-06
961	1.350040e-06
962	1.334962e-06
963	1.320051e-06
964	1.305307e-06
965	1.290728e-06
966	1.276312e-06
967	1.262056e-06
968	1.247960e-06
969	1.234022e-06
970	1.220239e-06
971	1.206609e-06
972	1.193133e-06
973	1.179806e-06
974	1.166629e-06
975	1.153599e-06
976	1.140714e-06
977	1.127973e-06
978	1.115374e-06
979	1.102917e-06
980	1.090598e-06
981	1.078417e-06
982	1.066372e-06
983	1.054461e-06
984	1.042684e-06
985	1.031038e-06
986	1.019522e-06
987	1.008135e-06
988	9.968749e-07
989	9.857406e-07
990	9.747307e-07
991	9.638438e-07
992	9.530785e-07
993	9.424334e-07
994	9.319072e-07
995	9.214985e-07
996	9.112062e-07
997	9.010287e-07
998	8.909650e-07
999	8.810136e-07
1000	8.711734e-07
1001	8.614432e-07
1002	8.518216e-07
1003	8.423074e-07
1004	8.328995e-07
1005	8.235967e-07
1006	8.143978e-07
1007	8.053017e-07
1008	7.963071e-07
1009	7.874130e-07
1010	7.786183e-07
1011	7.699218e-07
1012	7.613224e-07
1013	7.528190e-07
1014	7.444107e-07
1015	7.360962e-07
1016	7.278746e-07
1017	7.197449e-07
1018	7.117059e-07
1019	7.037567e-07
1020	6.958964e-07
1021	6.881238e-07
1022	6.804380e-07
1023	6.728381e-07
1024	6.653230e-07
1025	6.578919e-07
1026	6.505438e-07
1027	6.432778e-07
1028	6.360929e-07
1029	6.289883e-07
1030	6.219630e-07
1031	6.150162e-07
1032	6.081469e-07
1033	6.013544e-07
1034	5.946378e-07
1035	5.879962e-07
1036	5.814288e-07
1037	5.749347e-07
1038	5.685131e-07
1039	5.621633e-07
1040	5.558844e-07
1041	5.496757e-07
1042	5.435362e-07
1043	5.374654e-07
1044	5.314623e-07
1045	5.255263e-07
1046	5.196566e-07
1047	5.138525e-07
1048	5.081132e-07
1049	5.024380e-07
1050	4.968262e-07
1051	4.912770e-07
1052	4.857899e-07
1053	4.803640e-07
1054	4.749987e-07
1055	4.696934e-07
1056	4.644473e-07
1057	4.592598e-07
1058	4.541303e-07
1059	4.490580e-07
1060	4.440424e-07
1061	4.390828e-07
1062	4.341786e-07
1063	4.293292e-07
1064	4.245340e-07
1065	4.197923e-07
1066	4.151035e-07
1067	4.104672e-07
1068	4.058826e-07
1069	4.013492e-07
1070	3.968665e-07
1071	3.924338e-07
1072	3.880506e-07
1073	3.837164e-07
1074	3.794306e-07
1075	3.751927e-07
1076	3.710021e-07
1077	3.668583e-07
1078	3.627608e-07
1079	3.587091e-07
1080	3.547026e-07
1081	3.507409e-07
1082	3.468234e-07
1083	3.429497e-07
1084	3.391192e-07
1085	3.353315e-07
1086	3.315861e-07
1087	3.278826e-07
1088	3.242204e-07
1089	3.205991e-07
1090	3.170183e-07
1091	3.134775e-07
1092	3.099762e-07
1093	3.065140e-07
1094	3.030905e-07
1095	2.997052e-07
1096	2.963578e-07
1097	2.930477e-07
1098	2.897746e-07
1099	2.865381e-07
1100	2.833377e-07
1101	2.801730e-07
1102	2.770437e-07
1103	2.739494e-07
1104	2.708896e-07
1105	2.678640e-07
1106	2.648721e-07
1107	2.619137e-07
1108	2.589884e-07
1109	2.560957e-07
1110	2.532353e-07
1111	2.504069e-07
1112	2.476101e-07
1113	2.448445e-07
1114	2.421097e-07
1115	2.394056e-07
1116	2.367316e-07
1117	2.340875e-07
1118	2.314730e-07
1119	2.288876e-07
1120	2.263311e-07
1121	2.238032e-07
1122	2.213035e-07
1123	2.188317e-07
1124	2.163875e-07
1125	2.139707e-07
1126	2.115808e-07
1127	2.092176e-07
1128	2.068808e-07
1129	2.045701e-07
1130	2.022853e-07
1131	2.000259e-07
1132	1.977918e-07
1133	1.955826e-07
1134	1.933981e-07
1135	1.912380e-07
1136	1.891020e-07
1137	1.869899e-07
1138	1.849014e-07
1139	1.828362e-07
1140	1.807941e-07
1141	1.787748e-07
1142	1.767780e-07
1143	1.748035e-07
1144	1.728511e-07
1145	1.709205e-07
1146	1.690115e-07
1147	1.671237e-07
1148	1.652571e-07
1149	1.634113e-07
1150	1.615862e-07
1151	1.597814e-07
1152	1.579967e-07
1153	1.562321e-07
1154	1.544871e-07
1155	1.527616e-07
1156	1.510554e-07
1157	1.493682e-07
1158	1.476999e-07
1159	1.460502e-07
1160	1.444189e-07
1161	1.428059e-07
1162	1.412109e-07
1163	1.396337e-07
1164	1.380741e-07
1165	1.365319e-07
1166	1.350069e-07
1167	1.334990e-07
1168	1.320080e-07
1169	1.305335e-07
1170	1.290756e-07
1171	1.276339e-07
1172	1.262083e-07
1173	1.247987e-07
1174	1.234048e-07
1175	1.220265e-07
1176	1.206635e-07
1177	1.193158e-07
1178	1.179832e-07
1179	1.166654e-07
1180	1.153623e-07
1181	1.140738e-07
1182	1.127997e-07
1183	1.115398e-07
1184	1.102940e-07
1185	1.090621e-07
1186	1.078440e-07
1187	1.066395e-07
1188	1.054484e-07
1189	1.042706e-07
1190	1.031060e-07
1191	1.019544e-07
1192	1.008157e-07
1193	9.968964e-08
1194	9.857619e-08
1195	9.747517e-08
1196	9.638646e-08
1197	9.530990e-08
1198	9.424537e-08
1199	9.319272e-08
1200	9.215184e-08
1201	9.112258e-08
1202	9.010481e-08
1203	8.909842e-08
1204	8.810326e-08
1205	8.711922e-08
1206	8.614617e-08
1207	8.518399e-08
1208	8.423256e-08
1209	8.329175e-08
1210	8.236145e-08
1211	8.144154e-08
1212	8.053190e-08
1213	7.963243e-08
1214	7.874300e-08
1215	7.786351e-08
1216	7.699383e-08
1217	7.613388e-08
1218	7.528352e-08
1219	7.444267e-08
1220	7.361121e-08
1221	7.278903e-08
1222	7.197604e-08
1223	7.117212e-08
1224	7.037719e-08
1225	6.959114e-08
1226	6.881386e-08
1227	6.804527e-08
1228	6.728526e-08
1229	6.653374e-08
1230	6.579061e-08
1231	6.505578e-08
1232	6.432916e-08
1233	6.361066e-08
1234	6.290018e-08
1235	6.219764e-08
1236	6.150294e-08
1237	6.081600e-08
1238	6.013674e-08
1239	5.946506e-08
1240	5.880089e-08
1241	5.814413e-08
1242	5.749471e-08
1243	5.685254e-08
1244	5.621754e-08
1245	5.558964e-08
1246	5.496875e-08
1247	5.435479e-08
1248	5.374770e-08
1249	5.314738e-08
1250	5.255377e-08
1251	5.196678e-08
1252	5.138636e-08
1253	5.081241e-08
1254	5.024488e-08
1255	4.968369e-08
1256	4.912876e-08
1257	4.858003e-08
1258	4.803744e-08
1259	4.750090e-08
1260	4.697035e-08
1261	4.644573e-08
1262	4.592697e-08
1263	4.541400e-08
1264	4.490677e-08
1265	4.440520e-08
1266	4.390923e-08
1267	4.341880e-08
1268	4.293384e-08
1269	4.245431e-08
1270	4.198013e-08
1271	4.151125e-08
1272	4.104760e-08
1273	4.058913e-08
1274	4.013578e-08
1275	3.968750e-08
1276	3.924422e-08
1277	3.880590e-08
1278	3.837247e-08
1279	3.794388e-08
1280	3.752008e-08
1281	3.710101e-08
1282	3.668662e-08
1283	3.627686e-08
1284	3.587168e-08
1285	3.547102e-08
1286	3.507484e-08
1287	3.468308e-08
1288	3.429570e-08
1289	3.391265e-08
1290	3.353387e-08
1291	3.315933e-08
1292	3.278896e-08
1293	3.242274e-08
1294	3.206060e-08
1295	3.170251e-08
1296	3.134842e-08
1297	3.099829e-08
1298	3.065206e-08
1299	3.030970e-08
1300	2.997117e-08
1301	2.963642e-08
1302	2.930540e-08
1303	2.897808e-08
1304	2.865442e-08
1305	2.833438e-08
1306	2.801791e-08
1307	2.770497e-08
1308	2.739553e-08
1309	2.708954e-08
1310	2.678697e-08
1311	2.648779e-08
1312	2.619194e-08
1313	2.589940e-08
1314	2.561012e-08
1315	2.532408e-08
1316	2.504123e-08
1317	2.476154e-08
1318	2.448497e-08
1319	2.421150e-08
1320	2.394107e-08
1321	2.367367e-08
1322	2.340926e-08
1323	2.314779e-08
1324	2.288925e-08
1325	2.263360e-08
1326	2.238080e-08
1327	2.213083e-08
1328	2.188364e-08
1329	2.163922e-08
1330	2.139753e-08
1331	2.115853e-08
1332	2.092221e-08
1333	2.068853e-08
1334	2.045745e-08
1335	2.022896e-08
1336	2.000302e-08
1337	1.977960e-08
1338	1.955868e-08
1339	1.934023e-08
1340	1.912421e-08
1341	1.891061e-08
1342	1.869939e-08
1343	1.849054e-08
1344	1.828401e-08
1345	1.807980e-08
1346	1.787786e-08
1347	1.767818e-08
1348	1.748073e-08
1349	1.728548e-08
1350	1.709242e-08
1351	1.690151e-08
1352	1.671273e-08
1353	1.652607e-08
1354	1.634148e-08
1355	1.615896e-08
1356	1.597848e-08
1357	1.580001e-08
1358	1.562354e-08
1359	1.544904e-08
1360	1.527649e-08
1361	1.510586e-08
1362	1.493714e-08
1363	1.477031e-08
1364	1.460533e-08
1365	1.444220e-08
1366	1.428090e-08
1367	1.412139e-08
1368	1.396367e-08
1369	1.380770e-08
1370	1.365348e-08
1371	1.350098e-08
1372	1.335019e-08
1373	1.320108e-08
1374	1.305363e-08
1375	1.290784e-08
1376	1.276367e-08
1377	1.262111e-08
1378	1.248014e-08
1379	1.234075e-08
1380	1.220291e-08
1381	1.206661e-08
1382	1.193184e-08
1383	1.179857e-08
1384	1.166679e-08
1385	1.153648e-08
1386	1.140763e-08
1387	1.128021e-08
1388	1.115422e-08
1389	1.102964e-08
1390	1.090645e-08
1391	1.078463e-08
1392	1.066418e-08
1393	1.054507e-08
1394	1.042729e-08
1395	1.031082e-08
1396	1.019566e-08
1397	1.008178e-08
1398	9.969178e-09
1399	9.857830e-09
1400	9.747726e-09
1401	9.638852e-09
1402	9.531194e-09
1403	9.424739e-09
1404	9.319472e-09
1405	9.215381e-09
1406	9.112453e-09
1407	9.010674e-09
1408	8.910033e-09
1409	8.810515e-09
1410	8.712109e-09
1411	8.614802e-09
1412	8.518581e-09
1413	8.423436e-09
1414	8.329353e-09
1415	8.236321e-09
1416	8.144328e-09
1417	8.053363e-09
1418	7.963414e-09
1419	7.874469e-09
1420	7.786518e-09
1421	7.699549e-09
1422	7.613551e-09
1423	7.528514e-09
1424	7.444426e-09
1425	7.361278e-09
1426	7.279059e-09
1427	7.197758e-09
1428	7.117365e-09
1429	7.037870e-09
1430	6.959263e-09
1431	6.881534e-09
1432	6.804672e-09
1433	6.728670e-09
1434	6.653516e-09
1435	6.579202e-09
1436	6.505718e-09
1437	6.433054e-09
1438	6.361202e-09
1439	6.290153e-09
1440	6.219897e-09
1441	6.150426e-09
1442	6.081731e-09
1443	6.013803e-09
1444	5.946634e-09
1445	5.880215e-09
1446	5.814538e-09
1447	5.749594e-09
1448	5.685376e-09
1449	5.621875e-09
1450	5.559083e-09
1451	5.496993e-09
1452	5.435596e-09
1453	5.374885e-09
1454	5.314852e-09
1455	5.255489e-09
1456	5.196790e-09
1457	5.138746e-09
1458	5.081350e-09
1459	5.024596e-09
1460	4.968475e-09
1461	4.912982e-09
1462	4.858108e-09
1463	4.803847e-09
1464	4.750191e-09
1465	4.697136e-09
1466	4.644673e-09
1467	4.592796e-09
1468	4.541498e-09
1469	4.490773e-09
1470	4.440615e-09
1471	4.391017e-09
1472	4.341973e-09
1473	4.293477e-09
1474	4.245522e-09
1475	4.198103e-09
1476	4.151214e-09
1477	4.104848e-09
1478	4.059000e-09
1479	4.013665e-09
1480	3.968835e-09
1481	3.924507e-09
1482	3.880673e-09
1483	3.837329e-09
1484	3.794470e-09
1485	3.752088e-09
1486	3.710181e-09
1487	3.668741e-09
1488	3.627764e-09
1489	3.587245e-09
1490	3.547178e-09
1491	3.507559e-09
1492	3.468383e-09
1493	3.429644e-09
1494	3.391337e-09
1495	3.353459e-09
1496	3.316004e-09
1497	3.278967e-09
1498	3.242343e-09
1499	3.206129e-09
1500	3.170319e-09
1501	3.134909e-09
1502	3.099895e-09
1503	3.065272e-09
1504	3.031035e-09
1505	2.997181e-09
1506	2.963705e-09
1507	2.930603e-09
1508	2.897871e-09
1509	2.865504e-09
1510	2.833499e-09
1511	2.801851e-09
1512	2.770556e-09
1513	2.739612e-09
1514	2.709012e-09
1515	2.678755e-09
1516	2.648835e-09
1517	2.619250e-09
1518	2.589995e-09
1519	2.561067e-09
1520	2.532462e-09
1521	2.504177e-09
1522	2.476207e-09
1523	2.448550e-09
1524	2.421202e-09
1525	2.394159e-09
1526	2.367418e-09
1527	2.340976e-09
1528	2.314829e-09
1529	2.288975e-09
1530	2.263409e-09
1531	2.238128e-09
1532	2.213130e-09
1533	2.188411e-09
1534	2.163969e-09
1535	2.139799e-09
1536	2.115899e-09
1537	2.092266e-09
1538	2.068897e-09
1539	2.045789e-09
1540	2.022940e-09
1541	2.000345e-09
1542	1.978003e-09
1543	1.955910e-09
1544	1.934064e-09
1545	1.912462e-09
1546	1.891101e-09
1547	1.869979e-09
1548	1.849093e-09
1549	1.828440e-09
1550	1.808018e-09
1551	1.787824e-09
1552	1.767856e-09
1553	1.748110e-09
1554	1.728585e-09
1555	1.709278e-09
1556	1.690187e-09
1557	1.671309e-09
1558	1.652642e-09
1559	1.634183e-09
1560	1.615931e-09
1561	1.597882e-09
1562	1.580035e-09
1563	1.562387e-09
1564	1.544937e-09
1565	1.527681e-09
1566	1.510618e-09
1567	1.493746e-09
1568	1.477062e-09
1569	1.460564e-09
1570	1.444251e-09
1571	1.428120e-09
1572	1.412169e-09
1573	1.396396e-09
1574	1.380800e-09
1575	1.365377e-09
1576	1.350127e-09
1577	1.335047e-09
1578	1.320136e-09
1579	1.305391e-09
1580	1.290811e-09
1581	1.276394e-09
1582	1.262137e-09
1583	1.248040e-09
1584	1.234101e-09
1585	1.220317e-09
1586	1.206687e-09
1587	1.193209e-09
1588	1.179882e-09
1589	1.166703e-09
1590	1.153672e-09
1591	1.140787e-09
1592	1.128045e-09
1593	1.115446e-09
1594	1.102987e-09
1595	1.090668e-09
1596	1.078486e-09
1597	1.066440e-09
1598	1.054529e-09
1599	1.042751e-09
1600	1.031104e-09
1601	1.019587e-09
1602	1.008199e-09
1603	9.969386e-10
1604	9.858037e-10
1605	9.747931e-10
1606	9.639056e-10
1607	9.531395e-10
1608	9.424937e-10
1609	9.319668e-10
1610	9.215574e-10
1611	9.112643e-10
1612	9.010863e-10
1613	8.910220e-10
1614	8.810700e-10
1615	8.712293e-10
1616	8.614983e-10
1617	8.518761e-10
1618	8.423615e-10
1619	8.329530e-10
1620	8.236496e-10
1621	8.144501e-10
1622	8.053534e-10
1623	7.963582e-10
1624	7.874635e-10
1625	7.786682e-10
1626	7.699712e-10
1627	7.613711e-10
1628	7.528672e-10
1629	7.444582e-10
1630	7.361432e-10
1631	7.279211e-10
1632	7.197909e-10
1633	7.117515e-10
1634	7.038019e-10
1635	6.959411e-10
1636	6.881680e-10
1637	6.804817e-10
1638	6.728813e-10
1639	6.653658e-10
1640	6.579341e-10
1641	6.505855e-10
1642	6.433190e-10
1643	6.361336e-10
1644	6.290285e-10
1645	6.220028e-10
1646	6.150556e-10
1647	6.081859e-10
1648	6.013929e-10
1649	5.946758e-10
1650	5.880337e-10
1651	5.814659e-10
1652	5.749715e-10
1653	5.685496e-10
1654	5.621994e-10
1655	5.559201e-10
1656	5.497108e-10
1657	5.435709e-10
1658	5.374996e-10
1659	5.314963e-10
1660	5.255600e-10
1661	5.196899e-10
1662	5.138853e-10
1663	5.081456e-10
1664	5.024700e-10
1665	4.968579e-10
1666	4.913084e-10
1667	4.858209e-10
1668	4.803947e-10
1669	4.750292e-10
1670	4.697235e-10
1671	4.644770e-10
1672	4.592892e-10
1673	4.541593e-10
1674	4.490867e-10
1675	4.440708e-10
1676	4.391109e-10
1677	4.342065e-10
1678	4.293568e-10
1679	4.245612e-10
1680	4.198192e-10
1681	4.151300e-10
1682	4.104932e-10
1683	4.059084e-10
1684	4.013747e-10
1685	3.968917e-10
1686	3.924587e-10
1687	3.880753e-10
1688	3.837409e-10
1689	3.794548e-10
1690	3.752166e-10
1691	3.710257e-10
1692	3.668816e-10
1693	3.627837e-10
1694	3.587315e-10
1695	3.547247e-10
1696	3.507627e-10
1697	3.468450e-10
1698	3.429710e-10
1699	3.391403e-10
1700	3.353524e-10
1701	3.316068e-10
1702	3.279030e-10
1703	3.242407e-10
1704	3.206193e-10
1705	3.170382e-10
1706	3.134971e-10
1707	3.099957e-10
1708	3.065333e-10
1709	3.031096e-10
1710	2.997241e-10
1711	2.963764e-10
1712	2.930661e-10
1713	2.897928e-10
1714	2.865561e-10
1715	2.833556e-10
1716	2.801907e-10
1717	2.770612e-10
1718	2.739667e-10
1719	2.709069e-10
1720	2.678812e-10
1721	2.648892e-10
1722	2.619307e-10
1723	2.590051e-10
1724	2.561121e-10
1725	2.532515e-10
1726	2.504229e-10
1727	2.476259e-10
1728	2.448601e-10
1729	2.421252e-10
1730	2.394208e-10
1731	2.367467e-10
1732	2.341026e-10
1733	2.314880e-10
1734	2.289026e-10
1735	2.263461e-10
1736	2.238180e-10
1737	2.213181e-10
1738	2.188461e-10
1739	2.164017e-10
1740	2.139847e-10
1741	2.115947e-10
1742	2.092314e-10
1743	2.068945e-10
1744	2.045838e-10
1745	2.022988e-10
1746	2.000393e-10
1747	1.978051e-10
1748	1.955957e-10
1749	1.934111e-10
1750	1.912508e-10
1751	1.891147e-10
1752	1.870024e-10
1753	1.849136e-10
1754	1.828483e-10
1755	1.808061e-10
1756	1.787867e-10
1757	1.767898e-10
1758	1.748153e-10
1759	1.728628e-10
1760	1.709320e-10
1761	1.690229e-10
1762	1.671351e-10
1763	1.652684e-10
1764	1.634225e-10
1765	1.615972e-10
1766	1.597923e-10
1767	1.580076e-10
1768	1.562428e-10
1769	1.544977e-10
1770	1.527721e-10
1771	1.510658e-10
1772	1.493785e-10
1773	1.477101e-10
1774	1.460603e-10
1775	1.444290e-10
1776	1.428159e-10
1777	1.412207e-10
1778	1.396434e-10
1779	1.380837e-10
1780	1.365415e-10
1781	1.350166e-10
1782	1.335085e-10
1783	1.320172e-10
1784	1.305427e-10
1785	1.290848e-10
1786	1.276431e-10
1787	1.262174e-10
1788	1.248078e-10
1789	1.234139e-10
1790	1.220354e-10
1791	1.206724e-10
1792	1.193245e-10
1793	1.179918e-10
1794	1.166739e-10
1795	1.153706e-10
1796	1.140819e-10
1797	1.128077e-10
1798	1.115477e-10
1799	1.103018e-10
1800	1.090699e-10
1801	1.078516e-10
1802	1.066470e-10
1803	1.054559e-10
1804	1.042781e-10
1805	1.031135e-10
1806	1.019618e-10
1807	1.008230e-10
1808	9.969685e-11
1809	9.858335e-11
1810	9.748222e-11
1811	9.639345e-11
1812	9.531689e-11
1813	9.425229e-11
1814	9.319956e-11
1815	9.215860e-11
1816	9.112924e-11
1817	9.011142e-11
1818	8.910496e-11
1819	8.810969e-11
1820	8.712554e-11
1821	8.615254e-11
1822	8.519032e-11
1823	8.423890e-11
1824	8.329813e-11
1825	8.236778e-11
1826	8.144779e-11
1827	8.053798e-11
1828	7.963835e-11
1829	7.874881e-11
1830	7.786920e-11
1831	7.699944e-11
1832	7.613939e-11
1833	7.528891e-11
1834	7.444801e-11
1835	7.361653e-11
1836	7.279433e-11
1837	7.198129e-11
1838	7.117737e-11
1839	7.038239e-11
1840	6.959623e-11
1841	6.881890e-11
1842	6.805027e-11
1843	6.729019e-11
1844	6.653865e-11
1845	6.579555e-11
1846	6.506063e-11
1847	6.433394e-11
1848	6.361543e-11
1849	6.290491e-11
1850	6.220226e-11
1851	6.150752e-11
1852	6.082058e-11
1853	6.014131e-11
1854	5.946962e-11
1855	5.880540e-11
1856	5.814858e-11
1857	5.749908e-11
1858	5.685685e-11
1859	5.622185e-11
1860	5.559396e-11
1861	5.497295e-11
1862	5.435887e-11
1863	5.375170e-11
1864	5.315135e-11
1865	5.255767e-11
1866	5.197064e-11
1867	5.139015e-11
1868	5.081615e-11
1869	5.024846e-11
1870	4.968713e-11
1871	4.913211e-11
1872	4.858329e-11
1873	4.804064e-11
1874	4.750404e-11
1875	4.697340e-11
1876	4.644871e-11
1877	4.592991e-11
1878	4.541692e-11
1879	4.490964e-11
1880	4.440802e-11
1881	4.391202e-11
1882	4.342157e-11
1883	4.293644e-11
1884	4.245674e-11
1885	4.198247e-11
1886	4.151363e-11
1887	4.104998e-11
1888	4.059151e-11
1889	4.013817e-11
1890	3.968989e-11
1891	3.924658e-11
1892	3.880819e-11
1893	3.837472e-11
1894	3.794609e-11
1895	3.752223e-11
1896	3.710313e-11
1897	3.668874e-11
1898	3.627895e-11
1899	3.587383e-11
1900	3.547325e-11
1901	3.507704e-11
1902	3.468525e-11
1903	3.429785e-11
1904	3.391479e-11
1905	3.353606e-11
1906	3.316152e-11
1907	3.279111e-11
1908	3.242492e-11
1909	3.206277e-11
1910	3.170459e-11
1911	3.135046e-11
1912	3.100029e-11
1913	3.065404e-11
1914	3.031161e-11
1915	2.997305e-11
1916	2.963825e-11
1917	2.930718e-11
1918	2.897983e-11
1919	2.865615e-11
1920	2.833607e-11
1921	2.801961e-11
1922	2.770659e-11
1923	2.739712e-11
1924	2.709115e-11
1925	2.678859e-11
1926	2.648935e-11
1927	2.619351e-11
1928	2.590096e-11
1929	2.561169e-11
1930	2.532555e-11
1931	2.504262e-11
1932	2.476289e-11
1933	2.448631e-11
1934	2.421289e-11
1935	2.394245e-11
1936	2.367505e-11
1937	2.341062e-11
1938	2.314913e-11
1939	2.289063e-11
1940	2.263494e-11
1941	2.238211e-11
1942	2.213215e-11
1943	2.188493e-11
1944	2.164042e-11
1945	2.139870e-11
1946	2.115968e-11
1947	2.092334e-11
1948	2.068960e-11
1949	2.045851e-11
1950	2.022996e-11
1951	2.000401e-11
1952	1.978053e-11
1953	1.955964e-11
1954	1.934117e-11
1955	1.912514e-11
1956	1.891154e-11
1957	1.870025e-11
1958	1.849132e-11
1959	1.828475e-11
1960	1.808050e-11
1961	1.787857e-11
1962	1.767887e-11
1963	1.748143e-11
1964	1.728618e-11
1965	1.709309e-11
1966	1.690212e-11
1967	1.671330e-11
1968	1.652668e-11
1969	1.634213e-11
1970	1.615964e-11
1971	1.597914e-11
1972	1.580061e-11
1973	1.562414e-11
1974	1.544964e-11
1975	1.527709e-11
1976	1.510647e-11
1977	1.493772e-11
1978	1.477087e-11
1979	1.460588e-11
1980	1.444273e-11
1981	1.428136e-11
1982	1.412184e-11
1983	1.396410e-11
1984	1.380811e-11
1985	1.365384e-11
1986	1.350130e-11
1987	1.335043e-11
1988	1.320132e-11
1989	1.305378e-11
1990	1.290786e-11
1991	1.276366e-11
1992	1.262107e-11
1993	1.248008e-11
1994	1.234073e-11
1995	1.220301e-11
1996	1.206682e-11
1997	1.193206e-11
1998	1.179884e-11
1999	1.166707e-11
2000	1.153677e-11
2001	1.140798e-11
2002	1.128063e-11
2003	1.115474e-11
2004	1.103021e-11
2005	1.090708e-11
2006	1.078526e-11
2007	1.066473e-11
2008	1.054560e-11
2009	1.042782e-11
2010	1.031138e-11
2011	1.019620e-11
2012	1.008229e-11
2013	9.969728e-12
2014	9.858430e-12
2015	9.748399e-12
2016	9.639515e-12
2017	9.531872e-12
2018	9.425449e-12
2019	9.320244e-12
2020	9.216175e-12
2021	9.113239e-12
2022	9.011391e-12
2023	8.910686e-12
2024	8.811170e-12
2025	8.712762e-12
2026	8.615437e-12
2027	8.519140e-12
2028	8.423944e-12
2029	8.329808e-12
2030	8.236713e-12
2031	8.144725e-12
2032	8.053795e-12
2033	7.963845e-12
2034	7.874956e-12
2035	7.787038e-12
2036	7.700085e-12
2037	7.614102e-12
2038	7.529104e-12
2039	7.445068e-12
2040	7.361904e-12
2041	7.279715e-12
2042	7.198411e-12
2043	7.117992e-12
2044	7.038594e-12
2045	6.959988e-12
2046	6.882170e-12
2047	6.805345e-12
2048	6.729313e-12
2049	6.654162e-12
2050	6.579914e-12
2051	6.506494e-12
2052	6.433773e-12
2053	6.361825e-12
2054	6.290720e-12
2055	6.220378e-12
2056	6.150820e-12
2057	6.082128e-12
2058	6.014312e-12
2059	5.947196e-12
2060	5.880732e-12
2061	5.815078e-12
2062	5.750189e-12
2063	5.686019e-12
2064	5.622544e-12
2065	5.559726e-12
2066	5.497484e-12
2067	5.436028e-12
2068	5.375287e-12
2069	5.315182e-12
2070	5.255712e-12
2071	5.196969e-12
2072	5.139009e-12
2073	5.081746e-12
2074	5.025064e-12
2075	4.968990e-12
2076	4.913418e-12
2077	4.858492e-12
2078	4.804201e-12
2079	4.750559e-12
2080	4.697480e-12
2081	4.645053e-12
2082	4.593237e-12
2083	4.541974e-12
2084	4.491291e-12
2085	4.441143e-12
2086	4.391562e-12
2087	4.342525e-12
2088	4.294041e-12
2089	4.246117e-12
2090	4.198665e-12
2091	4.151711e-12
2092	4.105326e-12
2093	4.059577e-12
2094	4.014273e-12
2095	3.969475e-12
2096	3.925152e-12
2097	3.881378e-12
2098	3.838095e-12
2099	3.795330e-12
2100	3.753065e-12
2101	3.711165e-12
2102	3.669675e-12
2103	3.628660e-12
2104	3.588127e-12
2105	3.548095e-12
2106	3.508473e-12
2107	3.469377e-12
2108	3.430693e-12
2109	3.392380e-12
2110	3.354461e-12
2111	3.317036e-12
2112	3.279952e-12
2113	3.243222e-12
2114	3.206965e-12
2115	3.171110e-12
2116	3.135669e-12
2117	3.100654e-12
2118	3.066029e-12
2119	3.031798e-12
2120	2.997913e-12
2121	2.964366e-12
2122	2.931217e-12
2123	2.898392e-12
2124	2.865927e-12
2125	2.833882e-12
2126	2.802287e-12
2127	2.771065e-12
2128	2.740114e-12
2129	2.709558e-12
2130	2.679345e-12
2131	2.649446e-12
2132	2.619877e-12
2133	2.590691e-12
2134	2.561914e-12
2135	2.533390e-12
2136	2.505125e-12
2137	2.477205e-12
2138	2.449600e-12
2139	2.422344e-12
2140	2.395314e-12
2141	2.368577e-12
2142	2.342081e-12
2143	2.315760e-12
2144	2.289773e-12
2145	2.264130e-12
2146	2.238746e-12
2147	2.213714e-12
2148	2.189018e-12
2149	2.164623e-12
2150	2.140527e-12
2151	2.116633e-12
2152	2.093037e-12
2153	2.069688e-12
2154	2.046555e-12
2155	2.023755e-12
2156	2.001179e-12
2157	1.978856e-12
2158	1.956681e-12
2159	1.934760e-12
2160	1.913102e-12
2161	1.891696e-12
2162	1.870503e-12
2163	1.849515e-12
2164	1.828825e-12
2165	1.808433e-12
2166	1.788191e-12
2167	1.768148e-12
2168	1.748443e-12
2169	1.728933e-12
2170	1.709630e-12
2171	1.690527e-12
2172	1.671678e-12
2173	1.653043e-12
2174	1.634480e-12
2175	1.616099e-12
2176	1.598016e-12
2177	1.580230e-12
2178	1.562658e-12
2179	1.545254e-12
2180	1.527936e-12
2181	1.510842e-12
2182	1.493963e-12
2183	1.477288e-12
2184	1.460802e-12
2185	1.444504e-12
2186	1.428365e-12
2187	1.412400e-12
2188	1.396542e-12
2189	1.380885e-12
2190	1.365436e-12
2191	1.350149e-12
2192	1.335025e-12
2193	1.320200e-12
2194	1.305572e-12
2195	1.290992e-12
2196	1.276511e-12
2197	1.262237e-12
2198	1.248172e-12
2199	1.234237e-12
2200	1.220381e-12
2201	1.206792e-12
2202	1.193373e-12
2203	1.179993e-12
2204	1.166811e-12
2205	1.153795e-12
2206	1.141046e-12
2207	1.128341e-12
2208	1.115605e-12
2209	1.103059e-12
2210	1.090653e-12
2211	1.078502e-12
2212	1.066495e-12
2213	1.054637e-12
2214	1.042923e-12
2215	1.031293e-12
2216	1.019787e-12
2217	1.008373e-12
2218	9.971101e-13
